TotalLayerNo    TotalWireNo   SignalLayerNo SignalWireR(micrometer) FieldWireR(micrometer)
37              18240         18               15.0	63
SignalLayer2AllLayer
2 4 6 8 10 12 14 16 18 20 22 24 26 28 30 32 34 36
 Layer   WireNo  Length     R       Phi      First Rotate       a/2           a      ¦Å        ¦Ä    ¦Òz    ¡÷R  spacing w/h         
                   mm       mm    degree     Wire   CellNo      rad           mm   degree          mm    mm     mm               
F1       384       1500     510    0        0      5          0             0      0        0    0     0      0
S1       384       1500     518    0        1      5          0             0      0        0    0     0      0
F2       384       1500     526    0        0      -5         0             0      0        0    0     0      0
S2       384       1500     534    0        0      -5         0             0      0        0    0     0      0
F3       416       1500     542    0        0      5          0             0      0        0    0     0      0
S3       416       1500     550    0        1      5          0             0      0        0    0     0      0
F4       416       1500     558    0        0      -5         0             0      0        0    0     0      0
S4       416       1500     566    0        0      -5         0             0      0        0    0     0      0
F5       448       1500     574    0        0      5          0             0      0        0    0     0      0
S5       448       1500     582    0        1      5          0             0      0        0    0     0      0
F6       448       1500     590    0        0      -5         0             0      0        0    0     0      0
S6       448       1500     598    0        0      -5         0             0      0        0    0     0      0
F7       448       1500     606    0        0      5          0             0      0        0    0     0      0
S7       448       1500     614    0        1      5          0             0      0        0    0     0      0
F8       480       1500     622    0        0      -5         0             0      0        0    0     0      0
S8       480       1500     630    0        0      -5         0             0      0        0    0     0      0
F8       480       1500     638    0        0      5          0             0      0        0    0     0      0
S9       480       1500     646    0        1      5          0             0      0        0    0     0      0
F10      512       1500     654    0        0      -5         0             0      0        0    0     0      0
S10      512       1500     662    0        0      -5         0             0      0        0    0     0      0
F11      512       1500     670    0        0      5          0             0      0        0    0     0      0
S11      512       1500     678    0        1      5          0             0      0        0    0     0      0
F12      512       1500     686    0        0      -5         0             0      0        0    0     0      0
S12      512       1500     694    0        0      -5         0             0      0        0    0     0      0
F13      576       1500     702    0        0      6          0             0      0        0    0     0      0
S13      576       1500     710    0        1      6          0             0      0        0    0     0      0
F14      608       1500     718    0        0      -6         0             0      0        0    0     0      0
S14      608       1500     726    0        0      -6         0             0      0        0    0     0      0
F15      608       1500     734    0        0      6          0             0      0        0    0     0      0
S15      608       1500     742    0        1      6          0             0      0        0    0     0      0
F16      608       1500     750    0        0      -6         0             0      0        0    0     0      0
S16      608       1500     758    0        0      -6         0             0      0        0    0     0      0
F17      640       1500     766    0        0      6          0             0      0        0    0     0      0
S17      640       1500     774    0        1      6          0             0      0        0    0     0      0
F18      640       1500     782    0        0      -6         0             0      0        0    0     0      0
S18      640       1500     790    0        0      -6         0             0      0        0    0     0      0
