TotalLayerNo    TotalWireNo   SignalLayerNo SignalWireR(micrometer) FieldWireR(micrometer)
37              18540         18               15.0	40
SignalLayer2AllLayer
2 4 6 8 10 12 14 16 18 20 22 24 26 28 30 32 34 36
 Layer   WireNo  Length     R       Phi      First Rotate       a/2           a      ¦Å        ¦Ä    ¦Òz    ¡÷R  spacing w/h         
                   mm       mm    degree     Wire   CellNo      rad           mm   degree          mm    mm     mm               
F1   396   1478.866919      522    0        1       -12        0             0      0        0    0     0      0
S1   396   1481.688151      530    0        1       -12        0             0      0        0    0     0      0
F2   408   1484.509383      538    0        1       12         0             0      0        0    0     0      0
S2   408   1487.330614      546    0        1       12         0             0      0        0    0     0      0
F3   420   1490.151846      554    0        0       -12        0             0      0        0    0     0      0
S3   420   1492.973078      562    0        0       -12        0             0      0        0    0     0      0
F4   432   1495.79431       570    0        1       12         0             0      0        0    0     0      0
S4   432   1498.615541      578    0        1       12         0             0      0        0    0     0      0
F5   444   1501.436773      586    0        0       -12        0             0      0        0    0     0      0
S5   444   1504.258005      594    0        0       -12        0             0      0        0    0     0      0
F6   456   1507.079236      602    0        0       12         0             0      0        0    0     0      0
S6   456   1509.900468      610    0        0       12         0             0      0        0    0     0      0
F7   468   1512.7217        618    0        1       -12        0             0      0        0    0     0      0
S7   468   1515.542931      626    0        0       -12        0             0      0        0    0     0      0
F8   480   1518.364163      634    0        1       12         0             0      0        0    0     0      0
S8   480   1521.185395      642    0        0       12         0             0      0        0    0     0      0
F9   492   1524.006626      650    0        1       -12        0             0      0        0    0     0      0
S9   492   1526.827858      658    0        0       -12        0             0      0        0    0     0      0
F10  504   1529.64909       666    0        1       12         0             0      0        0    0     0      0
S10  504   1532.470322      674    0        0       12         0             0      0        0    0     0      0
F11  516   1535.291553      682    0        1       -12        0             0      0        0    0     0      0
S11  516   1538.112785      690    0        0       -12        0             0      0        0    0     0      0
F12  528   1540.934017      698    0        1       12         0             0      0        0    0     0      0
S12  528   1543.755248      706    0        0       12         0             0      0        0    0     0      0
F13  540   1546.57648       714    0        1       -12        0             0      0        0    0     0      0
S13  540   1549.397712      722    0        0       -12        0             0      0        0    0     0      0
F14  552   1552.218943      730    0        0       12         0             0      0        0    0     0      0
S14  552   1555.040175      738    0        0       12         0             0      0        0    0     0      0
F15  564   1557.861407      746    0        0       -14        0             0      0        0    0     0      0
S15  564   1560.682638      754    0        1       -14        0             0      0        0    0     0      0
F16  576   1563.50387       762    0        0       14         0             0      0        0    0     0      0
S16  576   1566.325102      770    0        0       14         0             0      0        0    0     0      0
F17  588   1569.146334      778    0        0       -14        0             0      0        0    0     0      0
S17  588   1571.967565      786    0        1       -14        0             0      0        0    0     0      0
F18  600   1574.788797      794    0        0       14         0             0      0        0    0     0      0
S18  600   1577.610029      802    0        0       14         0             0      0        0    0     0      0
F19  612   1580.43126       810    0        0       -14        0             0      0        0    0     0      0
